1000                 0.000000425          13.04                19                   1                   
1100                 0.000000195          13.37                21                   1                   
1200                 0.000000200          13.67                21                   1                   
1300                 0.000000195          13.88                21                   1                   
1400                 0.000000119          14.06                21                   1                   
1500                 0.000000120          14.17                21                   1                   
1600                 0.000000127          14.29                21                   1                   
1700                 0.000000121          14.40                21                   1                   
1800                 0.000000127          14.45                21                   1                   
1900                 0.000000123          14.51                21                   1                   
2000                 0.000000125          14.53                21                   1                   
2100                 0.000000126          14.65                23                   1                   
2200                 0.000000125          14.86                23                   1                   
2300                 0.000000125          15.01                23                   1                   
2400                 0.000000131          15.16                23                   1                   
2500                 0.000000126          15.27                23                   1                   
2600                 0.000000127          15.37                23                   1                   
2700                 0.000000126          15.48                23                   1                   
2800                 0.000000127          15.55                23                   1                   
2900                 0.000000127          15.62                23                   1                   
3000                 0.000000128          15.67                23                   1                   
3100                 0.000000129          15.71                23                   1                   
3200                 0.000000129          15.79                23                   1                   
3300                 0.000000130          15.85                23                   1                   
3400                 0.000000134          15.90                23                   1                   
3500                 0.000000135          15.93                23                   1                   
3600                 0.000000131          15.95                23                   1                   
3700                 0.000000137          15.99                23                   1                   
3800                 0.000000131          16.01                23                   1                   
3900                 0.000000132          16.02                23                   1                   
4000                 0.000000133          16.02                23                   1                   
4100                 0.000000139          16.01                25                   1                   
4200                 0.000000134          16.15                25                   1                   
4300                 0.000000134          16.26                25                   1                   
4400                 0.000000134          16.35                25                   1                   
4500                 0.000000134          16.44                25                   1                   
4600                 0.000000133          16.50                25                   1                   
4700                 0.000000134          16.59                25                   1                   
4800                 0.000000134          16.66                25                   1                   
4900                 0.000000138          16.72                25                   1                   
5000                 0.000000134          16.77                25                   1                   
5100                 0.000000135          16.80                25                   1                   
5200                 0.000000141          16.87                25                   1                   
5300                 0.000000135          16.93                25                   1                   
5400                 0.000000135          16.97                25                   1                   
5500                 0.000000135          17.02                25                   1                   
5600                 0.000000135          17.05                25                   1                   
5700                 0.000000136          17.09                25                   1                   
5800                 0.000000136          17.12                25                   1                   
5900                 0.000000140          17.14                25                   1                   
6000                 0.000000137          17.16                25                   1                   
6100                 0.000000137          17.17                25                   1                   
6200                 0.000000138          17.21                25                   1                   
6300                 0.000000138          17.25                25                   1                   
6400                 0.000000138          17.28                25                   1                   
6500                 0.000000138          17.32                25                   1                   
6600                 0.000000138          17.35                25                   1                   
6700                 0.000000138          17.37                25                   1                   
6800                 0.000000138          17.40                25                   1                   
6900                 0.000000139          17.41                25                   1                   
7000                 0.000000140          17.43                25                   1                   
7100                 0.000000142          17.44                25                   1                   
7200                 0.000000144          17.45                25                   1                   
7300                 0.000000139          17.47                25                   1                   
7400                 0.000000142          17.49                25                   1                   
7500                 0.000000148          17.50                25                   1                   
7600                 0.000000143          17.51                25                   1                   
7700                 0.000000140          17.51                25                   1                   
7800                 0.000000140          17.52                25                   1                   
7900                 0.000000145          17.52                25                   1                   
8000                 0.000000141          17.52                25                   1                   
8100                 0.000000144          17.52                25                   1                   
8200                 0.000000143          17.51                27                   1                   
8300                 0.000000142          17.58                27                   1                   
8400                 0.000000145          17.65                27                   1                   
8500                 0.000000142          17.70                27                   1                   
8600                 0.000000142          17.76                27                   1                   
8700                 0.000000142          17.80                27                   1                   
8800                 0.000000142          17.85                27                   1                   
8900                 0.000000142          17.90                27                   1                   
9000                 0.000000142          17.94                27                   1                   
9100                 0.000000142          17.97                27                   1                   
9200                 0.000000142          18.00                27                   1                   
9300                 0.000000142          18.05                27                   1                   
9400                 0.000000142          18.09                27                   1                   
9500                 0.000000142          18.12                27                   1                   
9600                 0.000000142          18.16                27                   1                   
9700                 0.000000143          18.18                27                   1                   
9800                 0.000000143          18.22                27                   1                   
9900                 0.000000143          18.24                27                   1                   
10000                0.000000143          18.26                27                   1                   
