1000                 0.000000046          9.62                 15                   4                   
1100                 0.000000049          9.99                 19                   6                   
1200                 0.000000048          10.03                21                   5                   
1300                 0.000000047          10.23                18                   4                   
1400                 0.000000045          10.26                16                   4                   
1500                 0.000000105          10.33                17                   5                   
1600                 0.000000114          10.70                16                   6                   
1700                 0.000000109          10.58                16                   5                   
1800                 0.000000109          10.67                18                   6                   
1900                 0.000000124          10.67                17                   6                   
2000                 0.000000050          10.67                16                   5                   
2100                 0.000000060          10.93                17                   5                   
2200                 0.000000049          11.04                19                   5                   
2300                 0.000000036          11.08                19                   5                   
2400                 0.000000029          11.09                18                   4                   
2500                 0.000000028          11.07                18                   6                   
2600                 0.000000029          11.24                20                   5                   
2700                 0.000000029          11.24                17                   7                   
2800                 0.000000030          11.27                21                   6                   
2900                 0.000000029          11.25                20                   6                   
3000                 0.000000029          11.28                18                   5                   
3100                 0.000000030          11.58                19                   5                   
3200                 0.000000036          11.56                18                   5                   
3300                 0.000000030          11.64                18                   6                   
3400                 0.000000029          11.60                19                   5                   
3500                 0.000000030          11.63                21                   5                   
3600                 0.000000030          11.66                18                   5                   
3700                 0.000000030          11.67                18                   6                   
3800                 0.000000030          11.67                18                   5                   
3900                 0.000000029          11.65                20                   7                   
4000                 0.000000029          11.65                18                   6                   
4100                 0.000000030          11.98                18                   5                   
4200                 0.000000030          11.95                19                   7                   
4300                 0.000000031          11.94                20                   5                   
4400                 0.000000030          11.98                20                   6                   
4500                 0.000000030          12.00                20                   6                   
4600                 0.000000030          12.01                21                   7                   
4700                 0.000000030          12.05                20                   7                   
4800                 0.000000030          12.05                19                   6                   
4900                 0.000000030          12.07                20                   6                   
5000                 0.000000030          12.08                20                   5                   
5100                 0.000000030          12.05                20                   6                   
5200                 0.000000031          12.22                20                   6                   
5300                 0.000000064          12.23                20                   7                   
5400                 0.000000031          12.24                22                   7                   
5500                 0.000000031          12.30                21                   5                   
5600                 0.000000031          12.24                20                   6                   
5700                 0.000000031          12.28                22                   6                   
5800                 0.000000031          12.29                20                   5                   
5900                 0.000000031          12.29                20                   7                   
6000                 0.000000031          12.29                20                   6                   
6100                 0.000000031          12.28                21                   6                   
6200                 0.000000032          12.59                22                   7                   
6300                 0.000000032          12.60                20                   7                   
6400                 0.000000031          12.61                19                   3                   
6500                 0.000000031          12.60                22                   7                   
6600                 0.000000031          12.63                21                   5                   
6700                 0.000000031          12.63                20                   5                   
6800                 0.000000031          12.61                20                   6                   
6900                 0.000000031          12.62                20                   7                   
7000                 0.000000031          12.66                20                   6                   
7100                 0.000000031          12.64                21                   5                   
7200                 0.000000031          12.67                21                   6                   
7300                 0.000000032          12.68                20                   5                   
7400                 0.000000031          12.66                21                   6                   
7500                 0.000000032          12.67                21                   6                   
7600                 0.000000031          12.67                19                   6                   
7700                 0.000000031          12.67                20                   6                   
7800                 0.000000032          12.67                19                   7                   
7900                 0.000000032          12.67                20                   8                   
8000                 0.000000032          12.68                22                   4                   
8100                 0.000000031          12.67                21                   7                   
8200                 0.000000032          12.96                20                   5                   
8300                 0.000000032          12.95                20                   7                   
8400                 0.000000032          12.96                21                   6                   
8500                 0.000000032          12.97                20                   6                   
8600                 0.000000032          12.97                22                   7                   
8700                 0.000000032          12.97                21                   6                   
8800                 0.000000032          12.98                23                   5                   
8900                 0.000000032          12.98                23                   6                   
9000                 0.000000032          12.99                23                   3                   
9100                 0.000000032          13.01                22                   7                   
9200                 0.000000034          13.01                23                   6                   
9300                 0.000000032          13.03                22                   6                   
9400                 0.000000032          13.06                20                   6                   
9500                 0.000000032          13.07                21                   8                   
9600                 0.000000033          13.09                22                   6                   
9700                 0.000000032          13.03                24                   8                   
9800                 0.000000032          13.05                24                   7                   
9900                 0.000000032          13.07                22                   6                   
10000                0.000000032          13.09                23                   6                   
