1000                 0.000001548          500.50               1000                 1                   
1100                 0.000001625          550.50               1100                 1                   
1200                 0.000001697          600.50               1200                 1                   
1300                 0.000001856          650.50               1300                 1                   
1400                 0.000002047          700.50               1400                 1                   
1500                 0.000002141          750.50               1500                 1                   
1600                 0.000002334          800.50               1600                 1                   
1700                 0.000002515          850.50               1700                 1                   
1800                 0.000002639          900.50               1800                 1                   
1900                 0.000002733          950.50               1900                 1                   
2000                 0.000002907          1000.50              2000                 1                   
2100                 0.000002956          1050.50              2100                 1                   
2200                 0.000003128          1100.50              2200                 1                   
2300                 0.000003243          1150.50              2300                 1                   
2400                 0.000003394          1200.50              2400                 1                   
2500                 0.000003513          1250.50              2500                 1                   
2600                 0.000003732          1300.50              2600                 1                   
2700                 0.000003799          1350.50              2700                 1                   
2800                 0.000003947          1400.50              2800                 1                   
2900                 0.000004079          1450.50              2900                 1                   
3000                 0.000004232          1500.50              3000                 1                   
3100                 0.000004357          1550.50              3100                 1                   
3200                 0.000004510          1600.50              3200                 1                   
3300                 0.000004649          1650.50              3300                 1                   
3400                 0.000004788          1700.50              3400                 1                   
3500                 0.000004914          1750.50              3500                 1                   
3600                 0.000005066          1800.50              3600                 1                   
3700                 0.000005198          1850.50              3700                 1                   
3800                 0.000005356          1900.50              3800                 1                   
3900                 0.000005511          1950.50              3900                 1                   
4000                 0.000005610          2000.50              4000                 1                   
4100                 0.000005767          2050.50              4100                 1                   
4200                 0.000005895          2100.50              4200                 1                   
4300                 0.000006040          2150.50              4300                 1                   
4400                 0.000006168          2200.50              4400                 1                   
4500                 0.000006332          2250.50              4500                 1                   
4600                 0.000006462          2300.50              4600                 1                   
4700                 0.000006613          2350.50              4700                 1                   
4800                 0.000006754          2400.50              4800                 1                   
4900                 0.000006888          2450.50              4900                 1                   
5000                 0.000007065          2500.50              5000                 1                   
5100                 0.000007160          2550.50              5100                 1                   
5200                 0.000007293          2600.50              5200                 1                   
5300                 0.000007449          2650.50              5300                 1                   
5400                 0.000007583          2700.50              5400                 1                   
5500                 0.000007734          2750.50              5500                 1                   
5600                 0.000007854          2800.50              5600                 1                   
5700                 0.000008005          2850.50              5700                 1                   
5800                 0.000008145          2900.50              5800                 1                   
5900                 0.000008355          2950.50              5900                 1                   
6000                 0.000008426          3000.50              6000                 1                   
6100                 0.000008566          3050.50              6100                 1                   
6200                 0.000008698          3100.50              6200                 1                   
6300                 0.000008850          3150.50              6300                 1                   
6400                 0.000009026          3200.50              6400                 1                   
6500                 0.000009160          3250.50              6500                 1                   
6600                 0.000009264          3300.50              6600                 1                   
6700                 0.000009404          3350.50              6700                 1                   
6800                 0.000009537          3400.50              6800                 1                   
6900                 0.000009679          3450.50              6900                 1                   
7000                 0.000009833          3500.50              7000                 1                   
7100                 0.000009974          3550.50              7100                 1                   
7200                 0.000010132          3600.50              7200                 1                   
7300                 0.000010287          3650.50              7300                 1                   
7400                 0.000010382          3700.50              7400                 1                   
7500                 0.000010601          3750.50              7500                 1                   
7600                 0.000010663          3800.50              7600                 1                   
7700                 0.000010790          3850.50              7700                 1                   
7800                 0.000010945          3900.50              7800                 1                   
7900                 0.000011095          3950.50              7900                 1                   
8000                 0.000011260          4000.50              8000                 1                   
8100                 0.000011373          4050.50              8100                 1                   
8200                 0.000011531          4100.50              8200                 1                   
8300                 0.000012028          4150.50              8300                 1                   
8400                 0.000012037          4200.50              8400                 1                   
8500                 0.000011938          4250.50              8500                 1                   
8600                 0.000012138          4300.50              8600                 1                   
8700                 0.000012201          4350.50              8700                 1                   
8800                 0.000012341          4400.50              8800                 1                   
8900                 0.000012497          4450.50              8900                 1                   
9000                 0.000012625          4500.50              9000                 1                   
9100                 0.000012760          4550.50              9100                 1                   
9200                 0.000012935          4600.50              9200                 1                   
9300                 0.000013065          4650.50              9300                 1                   
9400                 0.000013182          4700.50              9400                 1                   
9500                 0.000013372          4750.50              9500                 1                   
9600                 0.000013499          4800.50              9600                 1                   
9700                 0.000013615          4850.50              9700                 1                   
9800                 0.000013746          4900.50              9800                 1                   
9900                 0.000013880          4950.50              9900                 1                   
10000                0.000014288          5000.50              10000                1                   
