1000                 0.000000082          19.13                999                  1                   
1100                 0.000000089          21.79                1099                 1                   
1200                 0.000000092          22.98                1199                 1                   
1300                 0.000000094          24.00                1299                 1                   
1400                 0.000000096          25.30                1399                 1                   
1500                 0.000000096          25.53                1499                 1                   
1600                 0.000000112          30.72                1598                 1                   
1700                 0.000000113          31.27                1699                 1                   
1800                 0.000000124          34.94                1799                 1                   
1900                 0.000000121          33.76                1899                 1                   
2000                 0.000000128          36.58                1999                 1                   
2100                 0.000000129          36.97                2099                 1                   
2200                 0.000000132          38.05                2199                 1                   
2300                 0.000000136          38.95                2299                 1                   
2400                 0.000000160          47.50                2398                 1                   
2500                 0.000000151          44.94                2499                 1                   
2600                 0.000000155          46.34                2599                 1                   
2700                 0.000000160          48.15                2698                 1                   
2800                 0.000000166          49.89                2799                 1                   
2900                 0.000000179          54.62                2899                 1                   
3000                 0.000000180          54.95                2999                 1                   
3100                 0.000000184          55.23                3099                 1                   
3200                 0.000000194          58.65                3198                 1                   
3300                 0.000000165          49.60                3299                 1                   
3400                 0.000000185          56.98                3398                 1                   
3500                 0.000000184          56.72                3497                 1                   
3600                 0.000000200          62.80                3599                 1                   
3700                 0.000000191          59.57                3699                 1                   
3800                 0.000000238          75.77                3792                 1                   
3900                 0.000000232          72.69                3899                 1                   
4000                 0.000000222          70.12                3999                 1                   
4100                 0.000000217          68.81                4096                 1                   
4200                 0.000000238          76.32                4197                 1                   
4300                 0.000000263          85.03                4299                 1                   
4400                 0.000000249          80.12                4398                 1                   
4500                 0.000000231          73.20                4499                 1                   
4600                 0.000000255          81.81                4597                 1                   
4700                 0.000000266          84.90                4699                 1                   
4800                 0.000000286          91.74                4797                 1                   
4900                 0.000000240          76.23                4898                 1                   
5000                 0.000000277          89.93                4998                 1                   
5100                 0.000000292          94.00                5099                 1                   
5200                 0.000000275          89.32                5198                 1                   
5300                 0.000000285          92.43                5298                 1                   
5400                 0.000000288          93.18                5398                 1                   
5500                 0.000000266          85.09                5499                 1                   
5600                 0.000000266          85.80                5598                 1                   
5700                 0.000000292          95.20                5699                 1                   
5800                 0.000000311          101.42               5798                 1                   
5900                 0.000000305          98.89                5899                 1                   
6000                 0.000000326          107.18               5996                 1                   
6100                 0.000000331          108.80               6099                 1                   
6200                 0.000000332          109.60               6191                 1                   
6300                 0.000000356          114.90               6299                 1                   
6400                 0.000000362          116.59               6399                 1                   
6500                 0.000000349          114.91               6499                 1                   
6600                 0.000000352          115.17               6599                 1                   
6700                 0.000000350          108.01               6699                 1                   
6800                 0.000000359          116.09               6799                 1                   
6900                 0.000000375          123.80               6899                 1                   
7000                 0.000000351          114.87               6997                 1                   
7100                 0.000000362          118.87               7099                 1                   
7200                 0.000000385          126.51               7199                 1                   
7300                 0.000000392          128.93               7297                 1                   
7400                 0.000000362          118.32               7399                 1                   
7500                 0.000000387          128.76               7498                 1                   
7600                 0.000000372          123.71               7599                 1                   
7700                 0.000000422          141.13               7693                 1                   
7800                 0.000000418          139.70               7799                 1                   
7900                 0.000000416          138.77               7899                 1                   
8000                 0.000000438          147.14               7996                 1                   
8100                 0.000000349          115.10               8098                 1                   
8200                 0.000000440          148.17               8197                 1                   
8300                 0.000000434          145.88               8298                 1                   
8400                 0.000000425          143.10               8399                 1                   
8500                 0.000000449          151.46               8498                 1                   
8600                 0.000000442          148.74               8599                 1                   
8700                 0.000000443          149.07               8698                 1                   
8800                 0.000000456          153.69               8799                 1                   
8900                 0.000000458          154.53               8896                 1                   
9000                 0.000000489          165.99               8997                 1                   
9100                 0.000000436          146.75               9099                 1                   
9200                 0.000000391          130.82               9199                 1                   
9300                 0.000000440          148.40               9299                 1                   
9400                 0.000000433          145.83               9396                 1                   
9500                 0.000000518          176.53               9499                 1                   
9600                 0.000000448          151.31               9596                 1                   
9700                 0.000000443          149.14               9698                 1                   
9800                 0.000000493          166.97               9796                 1                   
9900                 0.000000475          160.56               9899                 1                   
10000                0.000000486          164.78               9999                 1                   
