1000                 0.000000758          605.15               953                  33                  
1100                 0.000000996          754.37               1100                 7                   
1200                 0.000000697          604.68               1190                 14                  
1300                 0.000000870          746.56               1294                 8                   
1400                 0.000000635          739.91               1400                 17                  
1500                 0.000000319          403.99               1494                 31                  
1600                 0.000000601          878.13               1600                 12                  
1700                 0.000000846          1246.02              1641                 29                  
1800                 0.000000917          1342.20              1737                 26                  
1900                 0.000001021          1232.15              1851                 63                  
2000                 0.000001122          1592.73              1989                 18                  
2100                 0.000000417          585.42               2076                 23                  
2200                 0.000000855          1194.91              2197                 19                  
2300                 0.000000847          1121.91              2300                 61                  
2400                 0.000000835          1204.91              2385                 2                   
2500                 0.000000303          432.96               2475                 4                   
2600                 0.000000776          1127.85              2573                 13                  
2700                 0.000000606          884.05               2694                 69                  
2800                 0.000001326          1867.48              2787                 26                  
2900                 0.000000548          780.20               2751                 24                  
3000                 0.000001354          1916.32              2991                 5                   
3100                 0.000001529          2242.04              2980                 2                   
3200                 0.000000677          981.82               3184                 121                 
3300                 0.000001139          1682.72              3287                 6                   
3400                 0.000001514          2227.51              3360                 34                  
3500                 0.000001365          2011.45              3487                 35                  
3600                 0.000001600          2207.00              3584                 21                  
3700                 0.000002014          2982.05              3644                 22                  
3800                 0.000001152          1674.39              3783                 65                  
3900                 0.000001863          2764.33              3871                 66                  
4000                 0.000001690          2498.62              3993                 5                   
4100                 0.000001389          2034.08              4042                 1                   
4200                 0.000001681          2492.52              4131                 25                  
4300                 0.000001560          2313.00              4223                 219                 
4400                 0.000002109          3124.68              4356                 42                  
4500                 0.000001782          2637.63              4480                 18                  
4600                 0.000000660          959.11               4564                 33                  
4700                 0.000001286          1902.76              4651                 25                  
4800                 0.000002347          3474.10              4794                 177                 
4900                 0.000001911          2824.25              4858                 26                  
5000                 0.000000948          1397.29              4970                 64                  
5100                 0.000002122          3140.03              4963                 55                  
5200                 0.000002561          3806.55              5192                 93                  
5300                 0.000001226          1801.02              5105                 74                  
5400                 0.000001863          2687.05              5377                 36                  
5500                 0.000002303          3421.62              5404                 16                  
5600                 0.000001587          2345.45              5567                 43                  
5700                 0.000001406          2081.37              5577                 4                   
5800                 0.000001577          2326.13              5793                 35                  
5900                 0.000001832          2708.00              5846                 86                  
6000                 0.000002840          4220.35              5983                 34                  
6100                 0.000001965          2918.27              6087                 43                  
6200                 0.000001654          2442.20              6086                 26                  
6300                 0.000002704          4017.02              6269                 175                 
6400                 0.000003109          4611.62              6394                 58                  
6500                 0.000002996          4443.55              6479                 217                 
6600                 0.000002871          4247.94              6583                 166                 
6700                 0.000002662          3943.93              6632                 3                   
6800                 0.000002325          3435.98              6676                 140                 
6900                 0.000003452          5126.56              6884                 19                  
7000                 0.000001412          2090.93              6946                 22                  
7100                 0.000001249          1837.56              7093                 116                 
7200                 0.000001415          2091.22              7149                 20                  
7300                 0.000003244          4804.25              7269                 23                  
7400                 0.000003704          5496.09              7381                 146                 
7500                 0.000002372          3516.24              7485                 39                  
7600                 0.000003497          5198.11              7531                 27                  
7700                 0.000001536          2268.27              7654                 12                  
7800                 0.000001579          2327.03              7738                 75                  
7900                 0.000003451          5098.82              7882                 83                  
8000                 0.000001984          2912.55              7985                 76                  
8100                 0.000001934          2862.76              7987                 146                 
8200                 0.000002572          3802.74              8149                 21                  
8300                 0.000003905          5809.06              8269                 15                  
8400                 0.000003995          5921.35              8394                 171                 
8500                 0.000003802          5457.91              8490                 45                  
8600                 0.000002891          4274.37              8562                 40                  
8700                 0.000003932          5851.47              8636                 15                  
8800                 0.000003542          5252.59              8760                 229                 
8900                 0.000002972          4414.70              8849                 65                  
9000                 0.000004140          6160.60              8973                 67                  
9100                 0.000001905          2821.17              9095                 69                  
9200                 0.000004322          6421.83              9186                 126                 
9300                 0.000002628          3881.17              9219                 86                  
9400                 0.000002688          3994.16              9367                 13                  
9500                 0.000002468          3662.34              9446                 90                  
9600                 0.000003503          5191.76              9553                 172                 
9700                 0.000002897          4299.89              9684                 26                  
9800                 0.000003297          4904.24              9788                 91                  
9900                 0.000005190          7704.79              9752                 13                  
10000                0.000002422          3489.21              9978                 60                  
