1000                 0.000000028          20.55                999                  1                   
1100                 0.000000027          20.01                1099                 1                   
1200                 0.000000029          22.31                1199                 1                   
1300                 0.000000031          26.30                1299                 1                   
1400                 0.000000034          29.21                1398                 1                   
1500                 0.000000033          28.87                1499                 1                   
1600                 0.000000035          30.58                1599                 1                   
1700                 0.000000035          30.33                1699                 1                   
1800                 0.000000035          30.78                1798                 1                   
1900                 0.000000038          36.13                1899                 1                   
2000                 0.000000038          36.07                1999                 1                   
2100                 0.000000045          43.87                2099                 1                   
2200                 0.000000039          37.54                2198                 1                   
2300                 0.000000045          45.03                2299                 1                   
2400                 0.000000042          41.54                2399                 1                   
2500                 0.000000043          43.18                2499                 1                   
2600                 0.000000045          45.97                2599                 1                   
2700                 0.000000046          47.57                2699                 1                   
2800                 0.000000047          48.39                2798                 1                   
2900                 0.000000050          53.54                2899                 1                   
3000                 0.000000047          48.83                2998                 1                   
3100                 0.000000049          52.22                3099                 1                   
3200                 0.000000049          51.39                3197                 1                   
3300                 0.000000054          58.90                3294                 1                   
3400                 0.000000054          59.29                3396                 1                   
3500                 0.000000057          63.32                3497                 1                   
3600                 0.000000055          60.29                3597                 1                   
3700                 0.000000059          66.47                3699                 1                   
3800                 0.000000062          69.63                3798                 1                   
3900                 0.000000065          73.30                3899                 1                   
4000                 0.000000060          68.02                3999                 1                   
4100                 0.000000065          74.67                4099                 1                   
4200                 0.000000065          74.78                4199                 1                   
4300                 0.000000065          74.31                4299                 1                   
4400                 0.000000061          66.88                4397                 1                   
4500                 0.000000068          78.76                4496                 1                   
4600                 0.000000069          79.15                4598                 1                   
4700                 0.000000068          78.39                4699                 1                   
4800                 0.000000065          74.84                4799                 1                   
4900                 0.000000070          82.92                4899                 1                   
5000                 0.000000078          93.38                4999                 1                   
5100                 0.000000079          95.31                5098                 1                   
5200                 0.000000072          85.78                5199                 1                   
5300                 0.000000068          80.30                5299                 1                   
5400                 0.000000084          102.86               5399                 1                   
5500                 0.000000078          93.65                5498                 1                   
5600                 0.000000075          89.78                5598                 1                   
5700                 0.000000083          97.48                5698                 1                   
5800                 0.000000080          94.39                5799                 1                   
5900                 0.000000082          100.22               5899                 1                   
6000                 0.000000085          105.29               5999                 1                   
6100                 0.000000089          110.39               6099                 1                   
6200                 0.000000091          114.06               6197                 1                   
6300                 0.000000083          101.95               6299                 1                   
6400                 0.000000087          107.81               6399                 1                   
6500                 0.000000091          112.41               6499                 1                   
6600                 0.000000097          111.90               6597                 1                   
6700                 0.000000100          112.78               6694                 1                   
6800                 0.000000097          117.40               6799                 1                   
6900                 0.000000094          113.66               6899                 1                   
7000                 0.000000092          111.10               6999                 1                   
7100                 0.000000099          120.69               7099                 1                   
7200                 0.000000100          120.79               7198                 1                   
7300                 0.000000109          134.86               7298                 1                   
7400                 0.000000102          122.02               7398                 1                   
7500                 0.000000104          128.68               7499                 1                   
7600                 0.000000104          123.99               7599                 1                   
7700                 0.000000121          128.36               7698                 1                   
7800                 0.000000117          132.25               7799                 1                   
7900                 0.000000115          134.95               7899                 1                   
8000                 0.000000108          135.04               7999                 1                   
8100                 0.000000106          134.72               8099                 1                   
8200                 0.000000117          146.88               8198                 1                   
8300                 0.000000115          144.13               8299                 1                   
8400                 0.000000114          144.35               8398                 1                   
8500                 0.000000118          145.80               8499                 1                   
8600                 0.000000125          157.77               8597                 1                   
8700                 0.000000129          161.78               8698                 1                   
8800                 0.000000127          163.44               8799                 1                   
8900                 0.000000123          155.47               8899                 1                   
9000                 0.000000121          150.07               8999                 1                   
9100                 0.000000125          160.39               9099                 1                   
9200                 0.000000121          155.42               9199                 1                   
9300                 0.000000116          144.59               9298                 1                   
9400                 0.000000132          169.36               9398                 1                   
9500                 0.000000138          175.15               9499                 1                   
9600                 0.000000122          151.61               9599                 1                   
9700                 0.000000131          169.29               9697                 1                   
9800                 0.000000126          159.71               9799                 1                   
9900                 0.000000135          175.46               9899                 1                   
10000                0.000000136          175.15               9999                 1                   
