10                   0.000000839          4.50                 9                    0                   
11                   0.000000669          5.00                 10                   0                   
12                   0.000000603          5.50                 11                   0                   
13                   0.000000610          6.00                 12                   0                   
14                   0.000000622          6.50                 13                   0                   
15                   0.000000639          7.00                 14                   0                   
16                   0.000000657          7.50                 15                   0                   
17                   0.000000671          8.00                 16                   0                   
18                   0.000000684          8.50                 17                   0                   
19                   0.000000702          9.00                 18                   0                   
20                   0.000000720          9.50                 19                   0                   
21                   0.000000768          10.00                20                   0                   
22                   0.000000747          10.50                21                   0                   
23                   0.000000763          11.00                22                   0                   
24                   0.000000776          11.50                23                   0                   
25                   0.000000794          12.00                24                   0                   
26                   0.000000807          12.50                25                   0                   
27                   0.000000875          13.00                26                   0                   
28                   0.000000839          13.50                27                   0                   
29                   0.000000854          14.00                28                   0                   
30                   0.000000913          14.50                29                   0                   
31                   0.000000907          15.00                30                   0                   
32                   0.000000903          15.50                31                   0                   
33                   0.000000919          16.00                32                   0                   
34                   0.000000931          16.50                33                   0                   
35                   0.000000945          17.00                34                   0                   
36                   0.000000959          17.50                35                   0                   
37                   0.000000976          18.00                36                   0                   
38                   0.000001001          18.50                37                   0                   
39                   0.000001008          19.00                38                   0                   
40                   0.000001024          19.50                39                   0                   
41                   0.000001037          20.00                40                   0                   
42                   0.000001051          20.50                41                   0                   
43                   0.000001088          21.00                42                   0                   
44                   0.000001087          21.50                43                   0                   
45                   0.000001098          22.00                44                   0                   
46                   0.000001117          22.50                45                   0                   
47                   0.000001129          23.00                46                   0                   
48                   0.000001150          23.50                47                   0                   
49                   0.000001159          24.00                48                   0                   
50                   0.000001184          24.50                49                   0                   
51                   0.000001193          25.00                50                   0                   
52                   0.000001263          25.50                51                   0                   
53                   0.000001237          26.00                52                   0                   
54                   0.000001265          26.50                53                   0                   
55                   0.000001249          27.00                54                   0                   
56                   0.000001272          27.50                55                   0                   
57                   0.000001282          28.00                56                   0                   
58                   0.000001298          28.50                57                   0                   
59                   0.000001312          29.00                58                   0                   
60                   0.000001329          29.50                59                   0                   
61                   0.000001355          30.00                60                   0                   
62                   0.000001362          30.50                61                   0                   
63                   0.000001387          31.00                62                   0                   
64                   0.000001390          31.50                63                   0                   
65                   0.000001432          32.00                64                   0                   
66                   0.000001453          32.50                65                   0                   
67                   0.000001433          33.00                66                   0                   
68                   0.000001455          33.50                67                   0                   
69                   0.000001465          34.00                68                   0                   
70                   0.000001471          34.50                69                   0                   
71                   0.000001498          35.00                70                   0                   
72                   0.000001510          35.50                71                   0                   
73                   0.000001537          36.00                72                   0                   
74                   0.000001568          36.50                73                   0                   
75                   0.000001569          37.00                74                   0                   
76                   0.000001587          37.50                75                   0                   
77                   0.000001586          38.00                76                   0                   
78                   0.000001615          38.50                77                   0                   
79                   0.000001620          39.00                78                   0                   
80                   0.000001624          39.50                79                   0                   
81                   0.000002138          40.00                80                   0                   
82                   0.000001668          40.50                81                   0                   
83                   0.000001667          41.00                82                   0                   
84                   0.000001705          41.50                83                   0                   
85                   0.000001714          42.00                84                   0                   
86                   0.000001728          42.50                85                   0                   
87                   0.000001724          43.00                86                   0                   
88                   0.000001752          43.50                87                   0                   
89                   0.000001769          44.00                88                   0                   
90                   0.000001796          44.50                89                   0                   
91                   0.000001810          45.00                90                   0                   
92                   0.000001829          45.50                91                   0                   
93                   0.000001844          46.00                92                   0                   
94                   0.000001868          46.50                93                   0                   
95                   0.000001873          47.00                94                   0                   
96                   0.000001877          47.50                95                   0                   
97                   0.000001875          48.00                96                   0                   
98                   0.000001895          48.50                97                   0                   
99                   0.000001919          49.00                98                   0                   
100                  0.000001952          49.50                99                   0                   
